nx: 64
ny: 64
x_limit: 6.28318530718
y_limit: 6.28318530718
mass: 0.01
dt: 0.002
coupling_strength: 1.0
sigma: 0.0
nu: 0.001
save_every: 6000
n_steps: 5000000
n_particles: 5000
speed: 0.1
